   n         Emf          Eo           X      Re SX-X       Re CH      Re Sig        Vxc     Re Eqp0
                                     Im SX-X       Im CH      Im Sig                Im Eqp0
   1   -5.539661   -5.539661  -18.630696   11.630383   -6.121266  -13.121579  -10.388022   -8.273218 
                                            0.640093    0.000000    0.640093                0.640093 
   2   -1.429597   -1.429597  -15.869018    8.951221   -3.874093  -10.791890  -10.807060   -1.414427 
                                            1.196645   -0.000000    1.196645                1.196645 
   3   -1.429565   -1.429565  -15.834334    8.443597   -3.368670  -10.759407  -10.807061   -1.381911 
                                            1.194370    0.000000    1.194370                1.194370 
   4   -1.429534   -1.429534  -15.878041    8.459963   -3.392453  -10.810531  -10.807061   -1.433004 
                                            1.186349   -0.000000    1.186349                1.186349 
   5   -1.429525   -1.429525  -15.831964    7.752655   -2.683595  -10.762904  -10.807063   -1.385366 
                                            1.188267   -0.000000    1.188267                1.188267 
   6   -1.429518   -1.429518  -15.857837    7.323410   -2.255569  -10.789997  -10.807063   -1.412452 
                                            1.187354    0.000000    1.187354                1.187354 
   7   -1.429376   -1.429376  -15.871798    7.083363   -2.009775  -10.798210  -10.806990   -1.420596 
                                            1.192348    0.000000    1.192348                1.192348 
   8    3.467206    3.467206  -12.881221    2.268600   -2.855796  -13.468417  -10.521560    0.520349 
                                            0.019122   -0.000000    0.019122                0.019122 
   9    3.467221    3.467221  -12.872299    2.115744   -2.702002  -13.458557  -10.521561    0.530225 
                                            0.018931   -0.000000    0.018931                0.018931 
  10    3.467226    3.467226  -12.892367    1.968858   -2.555633  -13.479141  -10.521562    0.509646 
                                            0.018819    0.000000    0.018819                0.018819 
  11    3.467399    3.467399  -12.905798    2.007859   -2.594420  -13.492359  -10.521227    0.496267 
                                            0.018800    0.000000    0.018800                0.018800 
  12    3.467403    3.467403  -12.899082    1.823576   -2.410726  -13.486233  -10.521228    0.502397 
                                            0.018673    0.000000    0.018673                0.018673 
  13    3.467416    3.467416  -12.916048    1.667967   -2.254921  -13.503002  -10.521226    0.485641 
                                            0.018538    0.000000    0.018538                0.018538 
  14    6.353695    6.353695  -13.151348    0.030197   -1.062120  -14.183271  -11.345017    3.515442 
                                            0.000019   -0.000000    0.000019                0.000019 
  15    6.353696    6.353696  -13.168214    0.038972   -1.069920  -14.199161  -11.345018    3.499553 
                                            0.000026    0.000000    0.000026                0.000026 
  16    6.353699    6.353699  -13.150629    0.000000   -1.030374  -14.181003  -11.345018    3.517714 
                                            0.000000    0.000000    0.000000                0.000000 
  17    7.034089    7.034089   -4.743491   -0.612326   -2.322834   -7.678651   -8.688150    8.043588 
                                           -0.001090   -0.000000   -0.001090               -0.001090 
  18    7.034092    7.034092   -4.736052   -1.001654   -1.932877   -7.670583   -8.688149    8.051657 
                                           -0.001783   -0.000000   -0.001783               -0.001783 
  19    7.034112    7.034112   -4.746857   -0.826081   -2.108705   -7.681642   -8.688177    8.040647 
                                           -0.001503    0.000000   -0.001503               -0.001503 
  20    7.034117    7.034117   -4.740489   -0.813156   -2.122173   -7.675818   -8.688177    8.046477 
                                           -0.001466    0.000000   -0.001466               -0.001466 
  21    7.034120    7.034120   -4.743940   -1.244496   -1.690834   -7.679271   -8.688178    8.043027 
                                           -0.002235   -0.000000   -0.002235               -0.002235 
  22    7.034194    7.034194   -4.749244   -1.258843   -1.676262   -7.684349   -8.688219    8.038064 
                                           -0.002274   -0.000000   -0.002274               -0.002274 
  23    8.794884    8.794884   -5.945241   -2.020930   -0.624840   -8.591011   -9.894765   10.098638 
                                           -0.001632   -0.000000   -0.001632               -0.001632 
  24    8.794885    8.794885   -5.943956   -2.063081   -0.583170   -8.590207   -9.894766   10.099444 
                                           -0.001660   -0.000000   -0.001660               -0.001660 
  25    8.794885    8.794885   -5.948128   -2.062743   -0.583343   -8.594214   -9.894766   10.095438 
                                           -0.001660   -0.000000   -0.001660               -0.001660 
  26    9.521571    9.521571   -5.344236   -2.919458   -1.059449   -9.323144  -10.828284   11.026711 
                                           -0.007182    0.000000   -0.007182               -0.007182 
  27   14.098168   14.098168   -4.327820   -2.090473   -2.658299   -9.076593   -9.947503   14.969078 
                                           -0.312967    0.000000   -0.312967               -0.312967 
  28   14.098168   14.098168   -4.330722   -2.090057   -2.657205   -9.077983   -9.947503   14.967687 
                                           -0.312014    0.000000   -0.312014               -0.312014 
  29   14.266574   14.266574   -1.878482   -4.696865   -2.100301   -8.675648   -7.136681   12.727607 
                                           -0.753779    0.000000   -0.753779               -0.753779 
  30   16.260198   16.260198   -4.124087   -3.172662   -2.243676   -9.540424  -10.449016   17.168790 
                                           -0.201156   -0.000000   -0.201156               -0.201156 
  31   16.260211   16.260211   -4.125473   -3.350136   -2.062389   -9.537999  -10.449020   17.171232 
                                           -0.200939   -0.000000   -0.200939               -0.200939 
  32   16.260217   16.260217   -4.125235   -3.507707   -1.905795   -9.538738  -10.449023   17.170502 
                                           -0.201529    0.000000   -0.201529               -0.201529 
