   n         Emf          Eo           X      Re SX-X       Re CH      Re Sig        Vxc     Re Eqp0
                                     Im SX-X       Im CH      Im Sig                Im Eqp0
  13    3.467416    3.467416  -12.445148    1.211312   -0.172058  -11.405895  -10.521226    2.582748 
                                            0.000059    0.000000    0.000059                0.000059 
  14    6.353695    6.353695  -13.126767    0.005146    1.126838  -11.994783  -11.345017    5.703929 
                                            0.000001   -0.000000    0.000001                0.000001 
  15    6.353696    6.353696  -12.929767    0.007460    1.141911  -11.780396  -11.345018    5.918317 
                                            0.000001   -0.000000    0.000001                0.000001 
  16    6.353699    6.353699  -13.209977    0.000000    1.166176  -12.043801  -11.345018    5.654916 
                                            0.000000   -0.000000   -0.000000               -0.000000 
  17    7.034089    7.034089   -4.527441   -0.457403    0.078545   -4.906300   -8.688150   10.815940 
                                           -0.000086   -0.000000   -0.000086               -0.000086 
  18    7.034092    7.034092   -4.580403   -0.748807    0.371939   -4.957271   -8.688149   10.764969 
                                           -0.000146    0.000000   -0.000146               -0.000146 
  19    7.034112    7.034112   -4.445437   -0.619629    0.211041   -4.854025   -8.688177   10.868264 
                                           -0.000127   -0.000000   -0.000127               -0.000127 
  20    7.034117    7.034117   -4.531600   -0.627364    0.182766   -4.976199   -8.688177   10.746096 
                                           -0.000128    0.000000   -0.000128               -0.000128 
