   n         Emf          Eo           X      Re SX-X       Re CH      Re Sig        Vxc     Re Eqp0
                                     Im SX-X       Im CH      Im Sig                Im Eqp0
   1   -5.539661   -5.539661  -18.662743   11.635326   -6.121931  -13.149348  -10.388022   -8.300987 
                                            0.644202   -0.000000    0.644202                0.644202 
   2   -1.429597   -1.429597  -15.861516    8.960779   -3.874088  -10.774825  -10.807060   -1.397363 
                                            1.207258   -0.000000    1.207258                1.207258 
   3   -1.429565   -1.429565  -15.859231    8.460802   -3.370170  -10.768599  -10.807061   -1.391103 
                                            1.209248   -0.000000    1.209248                1.209248 
   4   -1.429534   -1.429534  -15.853832    8.473167   -3.393281  -10.773947  -10.807061   -1.396420 
                                            1.198204   -0.000000    1.198204                1.198204 
   5   -1.429525   -1.429525  -15.855141    7.761168   -2.683883  -10.777856  -10.807063   -1.400318 
                                            1.195526   -0.000000    1.195526                1.195526 
   6   -1.429518   -1.429518  -15.857374    7.332791   -2.256057  -10.780640  -10.807063   -1.403095 
                                            1.195073   -0.000000    1.195073                1.195073 
   7   -1.429376   -1.429376  -15.850835    7.099735   -2.010494  -10.761594  -10.806990   -1.383980 
                                            1.207071    0.000000    1.207071                1.207071 
   8    3.467206    3.467206  -12.888194    2.270456   -2.856103  -13.473841  -10.521560    0.514925 
                                            0.019022    0.000000    0.019022                0.019022 
   9    3.467221    3.467221  -12.887502    2.116815   -2.703199  -13.473886  -10.521561    0.514895 
                                            0.018944    0.000000    0.018944                0.018944 
  10    3.467226    3.467226  -12.888839    1.969237   -2.555528  -13.475130  -10.521562    0.513657 
                                            0.018824    0.000000    0.018824                0.018824 
  11    3.467399    3.467399  -12.890429    2.007766   -2.594570  -13.477232  -10.521227    0.511394 
                                            0.018830   -0.000000    0.018830                0.018830 
  12    3.467403    3.467403  -12.884431    1.824539   -2.409927  -13.469820  -10.521228    0.518811 
                                            0.018676   -0.000000    0.018676                0.018676 
  13    3.467416    3.467416  -12.888655    1.667798   -2.254429  -13.475287  -10.521226    0.513356 
                                            0.018541    0.000000    0.018541                0.018541 
  14    6.353695    6.353695  -13.157358    0.030179   -1.060739  -14.187917  -11.345017    3.510795 
                                            0.000019   -0.000000    0.000019                0.000019 
  15    6.353696    6.353696  -13.160996    0.038988   -1.069726  -14.191735  -11.345018    3.506979 
                                            0.000026    0.000000    0.000026                0.000026 
  16    6.353699    6.353699  -13.160134    0.000000   -1.031381  -14.191514  -11.345018    3.507203 
                                            0.000000   -0.000000   -0.000000               -0.000000 
  17    7.034089    7.034089   -4.743457   -0.612155   -2.322284   -7.677896   -8.688150    8.044344 
                                           -0.001091   -0.000000   -0.001091               -0.001091 
  18    7.034092    7.034092   -4.745374   -1.001698   -1.933811   -7.680883   -8.688149    8.041357 
                                           -0.001783    0.000000   -0.001783               -0.001783 
  19    7.034112    7.034112   -4.745183   -0.826022   -2.109455   -7.680660   -8.688177    8.041628 
                                           -0.001503    0.000000   -0.001503               -0.001503 
  20    7.034117    7.034117   -4.746040   -0.813449   -2.122235   -7.681724   -8.688177    8.040571 
                                           -0.001467   -0.000000   -0.001467               -0.001467 
  21    7.034120    7.034120   -4.743188   -1.245082   -1.689490   -7.677760   -8.688178    8.044538 
                                           -0.002235   -0.000000   -0.002235               -0.002235 
  22    7.034194    7.034194   -4.745615   -1.259564   -1.675183   -7.680363   -8.688219    8.042050 
                                           -0.002274   -0.000000   -0.002274               -0.002274 
  23    8.794884    8.794884   -5.944720   -2.020934   -0.625614   -8.591268   -9.894765   10.098381 
                                           -0.001632    0.000000   -0.001632               -0.001632 
  24    8.794885    8.794885   -5.945458   -2.063021   -0.583859   -8.592338   -9.894766   10.097313 
                                           -0.001660    0.000000   -0.001660               -0.001660 
  25    8.794885    8.794885   -5.946829   -2.062846   -0.583550   -8.593225   -9.894766   10.096427 
                                           -0.001660   -0.000000   -0.001660               -0.001660 
  26    9.521571    9.521571   -5.350756   -2.917916   -1.058304   -9.326976  -10.828284   11.022878 
                                           -0.007177    0.000000   -0.007177               -0.007177 
  27   14.098168   14.098168   -4.327329   -2.092027   -2.658712   -9.078069   -9.947503   14.967602 
                                           -0.314854    0.000000   -0.314854               -0.314854 
  28   14.098168   14.098168   -4.328395   -2.092577   -2.657489   -9.078460   -9.947503   14.967210 
                                           -0.315394   -0.000000   -0.315394               -0.315394 
  29   14.266574   14.266574   -1.879508   -4.704698   -2.099411   -8.683616   -7.136681   12.719638 
                                           -0.761622   -0.000000   -0.761622               -0.761622 
  30   16.260198   16.260198   -4.125165   -3.171180   -2.242485   -9.538831  -10.449016   17.170383 
                                           -0.202447    0.000000   -0.202447               -0.202447 
  31   16.260211   16.260211   -4.125458   -3.350508   -2.064092   -9.540058  -10.449020   17.169172 
                                           -0.201902    0.000000   -0.201902               -0.201902 
  32   16.260217   16.260217   -4.125324   -3.509440   -1.906835   -9.541599  -10.449023   17.167641 
                                           -0.202844    0.000000   -0.202844               -0.202844 
