   n         Emf          Eo           X      Re SX-X       Re CH      Re Sig        Vxc     Re Eqp0
                                     Im SX-X       Im CH      Im Sig                Im Eqp0
   1   -5.539661   -5.539661  -18.651501   11.634615   -6.122088  -13.138975  -10.388022   -8.290613 
                                            0.646817    0.000000    0.646817                0.646817 
   2   -1.429597   -1.429597  -15.860120    8.960088   -3.874705  -10.774737  -10.807060   -1.397274 
                                            1.207809    0.000000    1.207809                1.207809 
   3   -1.429565   -1.429565  -15.860100    8.455118   -3.369801  -10.774782  -10.807061   -1.397286 
                                            1.207509    0.000000    1.207509                1.207509 
   4   -1.429534   -1.429534  -15.860116    8.478682   -3.393534  -10.774967  -10.807061   -1.397440 
                                            1.207213    0.000000    1.207213                1.207213 
   5   -1.429525   -1.429525  -15.860108    7.768817   -2.683685  -10.774975  -10.807063   -1.397437 
                                            1.206875    0.000000    1.206875                1.206875 
   6   -1.429518   -1.429518  -15.860101    7.340679   -2.255547  -10.774970  -10.807063   -1.397425 
                                            1.206642    0.000000    1.206642                1.206642 
   7   -1.429376   -1.429376  -15.860102    7.094230   -2.009777  -10.775649  -10.806990   -1.398035 
                                            1.206074    0.000000    1.206074                1.206074 
   8    3.467206    3.467206  -12.886403    2.269497   -2.856885  -13.473791  -10.521560    0.514975 
                                            0.019094    0.000000    0.019094                0.019094 
   9    3.467221    3.467221  -12.886400    2.115796   -2.703176  -13.473780  -10.521561    0.515001 
                                            0.018962    0.000000    0.018962                0.018962 
  10    3.467226    3.467226  -12.886395    1.968631   -2.556012  -13.473777  -10.521562    0.515011 
                                            0.018837    0.000000    0.018837                0.018837 
  11    3.467399    3.467399  -12.886062    2.007271   -2.594858  -13.473648  -10.521227    0.514978 
                                            0.018861    0.000000    0.018861                0.018861 
  12    3.467403    3.467403  -12.886058    1.823614   -2.411202  -13.473646  -10.521228    0.514984 
                                            0.018703    0.000000    0.018703                0.018703 
  13    3.467416    3.467416  -12.886060    1.667418   -2.254994  -13.473635  -10.521226    0.515007 
                                            0.018568    0.000000    0.018568                0.018568 
  14    6.353695    6.353695  -13.161628    0.030181   -1.061883  -14.193331  -11.345017    3.505382 
                                            0.000019    0.000000    0.000019                0.000019 
  15    6.353696    6.353696  -13.161628    0.038984   -1.070687  -14.193331  -11.345018    3.505383 
                                            0.000026    0.000000    0.000026                0.000026 
  16    6.353699    6.353699  -13.161626    0.000000   -1.031704  -14.193330  -11.345018    3.505387 
                                            0.000000    0.000000    0.000000                0.000000 
  17    7.034089    7.034089   -4.745697   -0.612516   -2.323420   -7.681633   -8.688150    8.040606 
                                           -0.001090    0.000000   -0.001090               -0.001090 
  18    7.034092    7.034092   -4.745694   -1.002130   -1.933800   -7.681624   -8.688149    8.040616 
                                           -0.001783    0.000000   -0.001783               -0.001783 
  19    7.034112    7.034112   -4.745695   -0.826462   -2.109480   -7.681637   -8.688177    8.040652 
                                           -0.001503    0.000000   -0.001503               -0.001503 
  20    7.034117    7.034117   -4.745692   -0.813473   -2.122472   -7.681636   -8.688177    8.040659 
                                           -0.001466    0.000000   -0.001466               -0.001466 
  21    7.034120    7.034120   -4.745690   -1.245006   -1.690931   -7.681627   -8.688178    8.040671 
                                           -0.002235    0.000000   -0.002235               -0.002235 
  22    7.034194    7.034194   -4.745695   -1.260006   -1.675946   -7.681647   -8.688219    8.040766 
                                           -0.002275    0.000000   -0.002275               -0.002275 
  23    8.794884    8.794884   -5.943278   -2.020843   -0.625863   -8.589984   -9.894765   10.099665 
                                           -0.001631    0.000000   -0.001631               -0.001631 
  24    8.794885    8.794885   -5.943276   -2.062822   -0.583885   -8.589984   -9.894766   10.099667 
                                           -0.001660    0.000000   -0.001660               -0.001660 
  25    8.794885    8.794885   -5.943276   -2.062822   -0.583885   -8.589984   -9.894766   10.099668 
                                           -0.001660    0.000000   -0.001660               -0.001660 
  26    9.521571    9.521571   -5.349639   -2.919490   -1.057358   -9.326487  -10.828284   11.023368 
                                           -0.007206    0.000000   -0.007206               -0.007206 
  27   14.098168   14.098168   -4.327582   -2.094240   -2.658914   -9.080736   -9.947503   14.964935 
                                           -0.316703    0.000000   -0.316703               -0.316703 
  28   14.098168   14.098168   -4.327582   -2.094240   -2.658914   -9.080736   -9.947503   14.964935 
                                           -0.316703    0.000000   -0.316703               -0.316703 
  29   14.266574   14.266574   -1.879795   -4.712200   -2.100988   -8.692984   -7.136681   12.710271 
                                           -0.765920    0.000000   -0.765920               -0.765920 
  30   16.260198   16.260198   -4.124762   -3.171853   -2.243526   -9.540142  -10.449016   17.169072 
                                           -0.202323    0.000000   -0.202323               -0.202323 
  31   16.260211   16.260211   -4.124759   -3.351653   -2.063715   -9.540128  -10.449020   17.169102 
                                           -0.202626    0.000000   -0.202626               -0.202626 
  32   16.260217   16.260217   -4.124750   -3.509331   -1.906044   -9.540125  -10.449023   17.169115 
                                           -0.202862    0.000000   -0.202862               -0.202862 
