   n         Emf          Eo           X      Re SX-X       Re CH      Re Sig        Vxc     Re Eqp0
                                     Im SX-X       Im CH      Im Sig                Im Eqp0
   1   -5.539661   -5.539661  -18.655715   11.630007   -6.116891  -13.142599  -10.388022   -8.294237 
                                            0.652098    0.000000    0.652098                0.652098 
   2   -1.429597   -1.429597  -15.866743    8.967784   -3.869268  -10.768227  -10.807060   -1.390764 
                                            1.230730   -0.000000    1.230730                1.230730 
   3   -1.429565   -1.429565  -15.864086    8.493029   -3.366568  -10.737625  -10.807061   -1.360128 
                                            1.251116   -0.000000    1.251116                1.251116 
   4   -1.429534   -1.429534  -15.858067    8.466908   -3.386474  -10.777632  -10.807061   -1.400105 
                                            1.202732    0.000000    1.202732                1.202732 
   5   -1.429525   -1.429525  -15.864809    7.750135   -2.679216  -10.793889  -10.807063   -1.416351 
                                            1.198133   -0.000000    1.198133                1.198133 
   6   -1.429518   -1.429518  -15.863063    7.320006   -2.253820  -10.796876  -10.807063   -1.419332 
                                            1.195562    0.000000    1.195562                1.195562 
   7   -1.429376   -1.429376  -15.859440    7.126355   -2.006108  -10.739193  -10.806990   -1.361578 
                                            1.242141    0.000000    1.242141                1.242141 
   8    3.467206    3.467206  -12.885166    2.267992   -2.855072  -13.472247  -10.521560    0.516519 
                                            0.019085    0.000000    0.019085                0.019085 
   9    3.467221    3.467221  -12.884518    2.110237   -2.698283  -13.472564  -10.521561    0.516217 
                                            0.018981    0.000000    0.018981                0.018981 
  10    3.467226    3.467226  -12.884258    1.966245   -2.550595  -13.468607  -10.521562    0.520180 
                                            0.018834    0.000000    0.018834                0.018834 
  11    3.467399    3.467399  -12.885704    2.000099   -2.587877  -13.473481  -10.521227    0.515145 
                                            0.018917    0.000000    0.018917                0.018917 
  12    3.467403    3.467403  -12.882765    1.821661   -2.408472  -13.469576  -10.521228    0.519054 
                                            0.018686   -0.000000    0.018686                0.018686 
  13    3.467416    3.467416  -12.886960    1.665059   -2.253861  -13.475762  -10.521226    0.512880 
                                            0.018529    0.000000    0.018529                0.018529 
  14    6.353695    6.353695  -13.162767    0.030053   -1.062088  -14.194802  -11.345017    3.503910 
                                            0.000019   -0.000000    0.000019                0.000019 
  15    6.353696    6.353696  -13.160256    0.038930   -1.070500  -14.191827  -11.345018    3.506887 
                                            0.000026    0.000000    0.000026                0.000026 
  16    6.353699    6.353699  -13.159496    0.000000   -1.031199  -14.190695  -11.345018    3.508022 
                                            0.000000   -0.000000   -0.000000               -0.000000 
  17    7.034089    7.034089   -4.746735   -0.612602   -2.324970   -7.684307   -8.688150    8.037932 
                                           -0.001089   -0.000000   -0.001089               -0.001089 
  18    7.034092    7.034092   -4.742452   -1.001863   -1.934492   -7.678807   -8.688149    8.043433 
                                           -0.001781    0.000000   -0.001781               -0.001781 
  19    7.034112    7.034112   -4.747419   -0.826814   -2.110143   -7.684375   -8.688177    8.037913 
                                           -0.001504    0.000000   -0.001504               -0.001504 
  20    7.034117    7.034117   -4.744918   -0.814419   -2.121813   -7.681151   -8.688177    8.041144 
                                           -0.001467   -0.000000   -0.001467               -0.001467 
  21    7.034120    7.034120   -4.746546   -1.244980   -1.691963   -7.683489   -8.688178    8.038809 
                                           -0.002231   -0.000000   -0.002231               -0.002231 
  22    7.034194    7.034194   -4.744939   -1.259734   -1.677057   -7.681729   -8.688219    8.040684 
                                           -0.002275    0.000000   -0.002275               -0.002275 
  23    8.794884    8.794884   -5.942583   -2.019984   -0.627402   -8.589969   -9.894765   10.099680 
                                           -0.001633    0.000000   -0.001633               -0.001633 
  24    8.794885    8.794885   -5.943296   -2.061906   -0.588148   -8.593351   -9.894766   10.096300 
                                           -0.001663    0.000000   -0.001663               -0.001663 
  25    8.794885    8.794885   -5.939961   -2.058817   -0.585905   -8.584683   -9.894766   10.104968 
                                           -0.001660   -0.000000   -0.001660               -0.001660 
  26    9.521571    9.521571   -5.343796   -2.920416   -1.058650   -9.322862  -10.828284   11.026993 
                                           -0.007228    0.000000   -0.007228               -0.007228 
  27   14.098168   14.098168   -4.327858   -2.097242   -2.666575   -9.091675   -9.947503   14.953996 
                                           -0.320147   -0.000000   -0.320147               -0.320147 
  28   14.098168   14.098168   -4.327447   -2.095248   -2.656701   -9.079395   -9.947503   14.966275 
                                           -0.319310    0.000000   -0.319310               -0.319310 
  29   14.266574   14.266574   -1.878651   -4.726852   -2.097258   -8.702761   -7.136681   12.700494 
                                           -0.776057    0.000000   -0.776057               -0.776057 
  30   16.260198   16.260198   -4.125391   -3.171119   -2.245264   -9.541773  -10.449016   17.167441 
                                           -0.204062    0.000000   -0.204062               -0.204062 
  31   16.260211   16.260211   -4.125026   -3.339020   -2.062423   -9.526470  -10.449020   17.182761 
                                           -0.199844    0.000000   -0.199844               -0.199844 
  32   16.260217   16.260217   -4.125229   -3.502721   -1.909142   -9.537092  -10.449023   17.172147 
                                           -0.203842    0.000000   -0.203842               -0.203842 
